-0.9931285991850949247861223
-0.9639719272779137912676661
-0.9122344282513259058677524
-0.8391169718222188233945290
-0.7463319064601507926143050
-0.636053680726515025452836
-0.5108670019508270980043640
-0.373706088715419560672548
-0.227785851141645078080496
-0.0765265211334973337546404
0.0765265211334973337546404
0.227785851141645078080496
0.3737060887154195606725481
0.510867001950827098004364
0.636053680726515025452836
0.7463319064601507926143050
0.8391169718222188233945290
0.9122344282513259058677524
0.963971927277913791267666
0.993128599185094924786122
