-0.9955569697904980979087849
-0.9766639214595175114983153
-0.9429745712289743394140111
-0.8949919978782753688510420
-0.833442628760834001421021
-0.7592592630373576305772828
-0.6735663684734683644851206
-0.5776629302412229677236898
-0.4730027314457149605221821
-0.3611723058093878377358217
-0.2438668837209884320451903
-0.1228646926107103963873598
0
0.1228646926107103963873598
0.2438668837209884320451903
0.361172305809387837735821
0.4730027314457149605221821
0.5776629302412229677236898
0.6735663684734683644851206
0.7592592630373576305772828
0.8334426287608340014210211
0.8949919978782753688510420
0.9429745712289743394140111
0.9766639214595175114983153
0.9955569697904980979087849
