0.01139379850102628794790296
0.0263549866150321372619018
0.0409391567013063126556234
0.05490469597583519192593689
0.0680383338123569172071871
0.0801407003350010180132349
0.0910282619829636498114972
0.100535949067050644202206
0.10851962447426365311609
0.1148582591457116483393255
0.1194557635357847722281781
0.1222424429903100416889595
0.1231760537267154512039028
0.1222424429903100416889595
0.119455763535784772228178
0.1148582591457116483393255
0.10851962447426365311609
0.100535949067050644202206
0.091028261982963649811497
0.0801407003350010180132349
0.0680383338123569172071871
0.054904695975835191925936
0.0409391567013063126556234
0.026354986615032137261901
0.0113937985010262879479029
