-0.9968934840746495402716300
-0.9836681232797472099700325
-0.9600218649683075122168710
-0.9262000474292743258793242
-0.8825605357920526815431164
-0.8295657623827683974428981
-0.7677774321048261949179773
-0.697850494793315796932292
-0.6205261829892428611404775
-0.5366241481420198992641697
-0.447033769538089176780609
-0.3527047255308781134710372
-0.2546369261678898464398051
-0.1538699136085835469637946
-0.0514718425553176958330252
0.0514718425553176958330252
0.1538699136085835469637946
0.2546369261678898464398051
0.3527047255308781134710372
0.447033769538089176780609
0.5366241481420198992641697
0.6205261829892428611404775
0.6978504947933157969322923
0.7677774321048261949179773
0.8295657623827683974428981
0.8825605357920526815431164
0.9262000474292743258793242
0.9600218649683075122168710
0.9836681232797472099700325
0.9968934840746495402716300
