0.00796819249616660561546588
0.0184664683110909591423021
0.0287847078833233693497191
0.0387991925696270495968019
0.0484026728305940529029381
0.0574931562176190664817216
0.065974229882180495128128
0.073755974737705206268243
0.080755895229420215354694
0.086899787201082979802387
0.0921225222377861287176327
0.0963687371746442596394686
0.0995934205867952670627802
0.1017623897484055045964289
0.1028526528935588403412856
0.102852652893558840341285
0.10176238974840550459642
0.0995934205867952670627802
0.09636873717464425963946862
0.0921225222377861287176327
0.0868997872010829798023875
0.0807558952294202153546949
0.073755974737705206268243
0.0659742298821804951281285
0.057493156217619066481721
0.0484026728305940529029381
0.0387991925696270495968019
0.0287847078833233693497191
0.0184664683110909591423021
0.0079681924961666056154658
