-0.9977065690996002972601631
-0.9879357644438514980351170
-0.9704376160392298332150704
-0.9453451482078273295387259
-0.9128542613593176144649370
-0.8732191250252223315232823
-0.8267498990922254068340506
-0.7738102522869125552674230
-0.7148145015566287832644086
-0.6502243646658903886757928
-0.58054534474976450993450
-0.5063227732414886150242975
-0.4281375415178142541876206
-0.3466015544308139458769798
-0.262352941209296057970895
-0.1760510611659895699743036
-0.0883713432756592636009294
0
0.0883713432756592636009294
0.1760510611659895699743036
0.262352941209296057970895
0.346601554430813945876979
0.428137541517814254187620
0.5063227732414886150242975
0.5805453447497645099345020
0.6502243646658903886757928
0.7148145015566287832644086
0.7738102522869125552674230
0.8267498990922254068340506
0.873219125025222331523282
0.9128542613593176144649370
0.9453451482078273295387259
0.9704376160392298332150704
0.9879357644438514980351170
0.9977065690996002972601631
