0.00588343342044308497575389
0.01365082834836149226640
0.0213229799114835808834379
0.0288292601088942540487160
0.0361101158634633805327169
0.0431084223261702187823064
0.04976937040135352980519967
0.0560408162123701285783277
0.0618736719660801888870141
0.067222285269086903964305
0.0720447947725600646654619
0.076303457155442053538658
0.0799649422423242629326620
0.0830005937288565883799265
0.0853866533920991252259439
0.08710444699718353424332
0.0881405304302754629707388
0.088486794907104290638207
0.0881405304302754629707388
0.0871044469971835342433220
0.0853866533920991252259439
0.083000593728856588379926
0.079964942242324262932662
0.0763034571554420535386585
0.0720447947725600646654619
0.0672222852690869039643055
0.0618736719660801888870141
0.0560408162123701285783277
0.049769370401353529805199
0.0431084223261702187823064
0.0361101158634633805327169
0.02882926010889425404871
0.0213229799114835808834379
0.01365082834836149226640
0.005883433420443084975753
