-0.998237709710559200349622
-0.9907262386994570064530543
-0.9772599499837742626633702
-0.95791681921379165580454
-0.9328128082786765333608521
-0.9020988069688742967282533
-0.8659595032122595038207818
-0.8246122308333116631963202
-0.7783056514265193876949715
-0.7273182551899271032809964
-0.6719566846141795483793545
-0.6125538896679802379526124
-0.5494671250951282020759313
-0.4830758016861787129085665
-0.4137792043716050015248797
-0.341994090825758473007492
-0.2681521850072536811411843
-0.1926975807013710997155168
-0.1160840706752552084834512
-0.03877241750605082193319344
0.0387724175060508219331934
0.1160840706752552084834512
0.192697580701371099715516
0.268152185007253681141184
0.341994090825758473007492
0.413779204371605001524879
0.483075801686178712908566
0.5494671250951282020759313
0.6125538896679802379526124
0.6719566846141795483793545
0.7273182551899271032809964
0.7783056514265193876949715
0.8246122308333116631963202
0.8659595032122595038207818
0.9020988069688742967282533
0.9328128082786765333608521
0.95791681921379165580454
0.9772599499837742626633702
0.9907262386994570064530543
0.998237709710559200349622
