0.0045212770985331912584717
0.010498284531152813614742
0.016421058381907888712863
0.022245849194166957261504
0.027937006980023401098489
0.0334601952825478473926781
0.03878216797447201763997203
0.0438709081856732719916746
0.0486958076350722320614341
0.053227846983936824354996
0.0574397690993915513666177
0.06130624249292893916653
0.0648040134566010380745545
0.06791204581523390382569010
0.0706116473912867796954836
0.0728865823958040590605106
0.074723169057968264200189
0.0761103619006262423715580
0.07703981816424796558830753
0.0775059479784248112637239
0.07750594797842481126372396
0.0770398181642479655883075
0.0761103619006262423715580
0.0747231690579682642001893
0.072886582395804059060510
0.070611647391286779695483
0.0679120458152339038256901
0.0648040134566010380745545
0.06130624249292893916653
0.0574397690993915513666177
0.0532278469839368243549964
0.048695807635072232061434
0.043870908185673271991674
0.0387821679744720176399720
0.033460195282547847392678
0.0279370069800234010984891
0.0222458491941669572615043
0.0164210583819078887128634
0.0104982845311528136147421
0.0045212770985331912584717
