-0.9986036451819366381565476
-0.9926499984472037417486171
-0.9819687150345405682393184
-0.9666083103968946047364251
-0.946641690995629061784720
-0.9221639367190003880974673
-0.8932916717532417384646490
-0.8601624759606642253390788
-0.8229342205020863370357752
-0.781784312593906291312363
-0.7369088489454903526237388
-0.6885216807712005252320198
-0.6368533944532233592712238
-0.5821502125693531866809673
-0.524672820462916067091134
-0.464695123919635098579601
-0.4025029438585419140779745
-0.338392654250602161643404
-0.2726697697523775606087653
-0.2056474897832637457197872
-0.1376452059832530287565
-0.0689869801631441724904146
0
0.0689869801631441724904146
0.1376452059832530287565900
0.205647489783263745719787
0.272669769752377560608765
0.338392654250602161643404
0.402502943858541914077974
0.464695123919635098579601
0.524672820462916067091134
0.5821502125693531866809673
0.6368533944532233592712238
0.6885216807712005252320198
0.7369088489454903526237388
0.7817843125939062913123631
0.8229342205020863370357752
0.8601624759606642253390788
0.8932916717532417384646490
0.9221639367190003880974673
0.946641690995629061784720
0.9666083103968946047364251
0.9819687150345405682393184
0.9926499984472037417486171
0.9986036451819366381565476
