0.0035826631552835589311430
0.0083231892962182416457358
0.013031104991582784320631
0.0176775352579375906170925
0.02223984755057873239395075
0.0266962139675776648056747
0.0310253749345154671625079
0.03520669220160901624769979
0.0392202367293024475641871
0.0430468807091649711516911
0.0466683877183733652677684
0.050067499237952029799132
0.05322801673126895194590404
0.0561348787597864766439239
0.0587742327188417385743615
0.0611335008310665225018863
0.0632014400738199377499637
0.064968195750723430853826
0.0664253484498425280829147
0.0675659541636075362709102
0.068384577378669674531692
0.06887731697766132288200284
0.0690418248292320201107985
0.0688773169776613228820028
0.068384577378669674531692
0.067565954163607536270910
0.066425348449842528082914
0.0649681957507234308538265
0.0632014400738199377499637
0.0611335008310665225018863
0.058774232718841738574361
0.0561348787597864766439239
0.05322801673126895194590
0.050067499237952029799132
0.0466683877183733652677684
0.0430468807091649711516911
0.0392202367293024475641871
0.035206692201609016247699
0.0310253749345154671625079
0.0266962139675776648056747
0.02223984755057873239395075
0.0176775352579375906170925
0.0130311049915827843206310
0.008323189296218241645735
0.003582663155283558931143028
