-0.9988664044200710501854594
-0.994031969432090712585108
-0.9853540840480058823090096
-0.9728643851066920737133441
-0.9566109552428079429977456
-0.9366566189448779337808749
-0.9130785566557918930897356
-0.8859679795236130486375409
-0.8554297694299460846113626
-0.8215820708593359483562541
-0.784555832900399263905305
-0.7444943022260685382605362
-0.701552468706822251089546
-0.6558964656854393607816248
-0.607702927184950239180381
-0.5571583045146500543155229
-0.5044581449074642016514591
-0.4498063349740387891471314
-0.3934143118975651273942292
-0.3355002454194373568369882
-0.2762881937795319903276452
-0.216007236876041756847284
-0.154890589998145902071628
-0.0931747015600861408544503
-0.03109833832718887611232
0.03109833832718887611232
0.093174701560086140854450
0.1548905899981459020716286
0.216007236876041756847284
0.2762881937795319903276452
0.3355002454194373568369882
0.393414311897565127394229
0.4498063349740387891471314
0.504458144907464201651459
0.5571583045146500543155229
0.607702927184950239180381
0.6558964656854393607816248
0.7015524687068222510895462
0.7444943022260685382605362
0.784555832900399263905305
0.8215820708593359483562541
0.8554297694299460846113626
0.8859679795236130486375409
0.9130785566557918930897356
0.9366566189448779337808749
0.9566109552428079429977456
0.9728643851066920737133441
0.9853540840480058823090096
0.994031969432090712585108
0.9988664044200710501854594
