0.0029086225531551409584007
0.00675979919574540150277887
0.0105905483836509692635696
0.014380822761485574419378
0.018115560713489390351259
0.0217802431701247929815920
0.0253606735700123904401948
0.028842993580535198029906
0.0322137282235780166481658
0.0354598356151461541607346
0.0385687566125876752447701
0.04152846309014769742241197
0.0443275043388032754920222
0.0469550513039484329656330
0.049400938449466314921243
0.051655703069581138489905
0.053710621888996246523458
0.0555577448062125176235674
0.0571899256477283837230293
0.0586008498132224458351224
0.0597850587042654575095764
0.0607379708417702160317
0.0614558995903166637564067
0.0619360674206832433840875
0.0621766166553472623210331
0.0621766166553472623210331
0.0619360674206832433840875
0.0614558995903166637564067
0.0607379708417702160317500
0.05978505870426545750957640
0.058600849813222445835122
0.0571899256477283837230293
0.0555577448062125176235674
0.053710621888996246523458
0.051655703069581138489905
0.0494009384494663149212435
0.0469550513039484329656330
0.044327504338803275492022
0.04152846309014769742241
0.038568756612587675244770
0.035459835615146154160734
0.032213728223578016648165
0.028842993580535198029906
0.0253606735700123904401948
0.0217802431701247929815920
0.018115560713489390351259
0.014380822761485574419378
0.0105905483836509692635696
0.0067597991957454015027788
0.0029086225531551409584007
