-0.9990614195648185414794318
-0.9950579778474118750431891
-0.9878689411988891985223856
-0.9775157355039892088592166
-0.9640313285931351987785366
-0.947458868041210741859979
-0.9278514247207916968162712
-0.9052718007440000257819114
-0.8797923224198955060675909
-0.8514946066171544714602453
-0.8204692985593209124542412
-0.786815781127622365897636
-0.7506418563480219086749876
-0.7120633999866378389093501
-0.6712039903198263957963267
-0.6281945122499281400906362
-0.5831727380260321029743048
-0.536282885908343296720599
-0.487675158187474097208263
-0.43750526003717459180848
-0.3859339007409794297558485
-0.3331262788900238851894714
-0.2792515532008065385498624
-0.2244823006478454834001890
-0.1689939636468732082828424
-0.1129642880593292665884379
-0.0565727538183367763273376
0
0.05657275381833677632733761
0.112964288059329266588437
0.1689939636468732082828424
0.2244823006478454834001890
0.2792515532008065385498624
0.3331262788900238851894714
0.3859339007409794297558485
0.43750526003717459180848
0.4876751581874740972082636
0.5362828859083432967205995
0.5831727380260321029743048
0.6281945122499281400906362
0.6712039903198263957963267
0.712063399986637838909350
0.7506418563480219086749876
0.786815781127622365897636
0.8204692985593209124542412
0.8514946066171544714602453
0.8797923224198955060675909
0.9052718007440000257819114
0.927851424720791696816271
0.9474588680412107418599798
0.9640313285931351987785366
0.9775157355039892088592166
0.987868941198889198522385
0.9950579778474118750431891
0.9990614195648185414794318
