0.0024083236199797888191701
0.0055986322665607673540834
0.008775746107058528177389
0.0119251607198486121707525
0.015036458333511788213150
0.018099614520729062407968
0.0211048016680164541202093
0.0240423880097256220077915
0.0269029614563962706671200
0.029677357765161041221296
0.032356689226185831684705
0.0349323728735898874072682
0.037396157867965545282915
0.0397401518743371796094638
0.0419568463177187623952073
0.0440391404216065898951680
0.0459803639462838381039048
0.0477742985512006955500367
0.0494151977115517394807585
0.0508978051244939792247752
0.05221737154563208456439356
0.0533696700016054727235705
0.0543510093299111020703221
0.0551582460025086875966511
0.0557887941952840871029360
0.056240634071084368028279
0.056512318249772001400658
0.0566029764445604254401057
0.056512318249772001400658
0.0562406340710843680282790
0.0557887941952840871029360
0.0551582460025086875966511
0.05435100932991110207032211
0.0533696700016054727235705
0.052217371545632084564393
0.050897805124493979224775
0.04941519771155173948075853
0.0477742985512006955500367
0.045980363946283838103904
0.044039140421606589895168
0.041956846317718762395207
0.039740151874337179609463
0.037396157867965545282915
0.034932372873589887407268
0.032356689226185831684705
0.0296773577651610412212965
0.0269029614563962706671200
0.0240423880097256220077915
0.0211048016680164541202093
0.018099614520729062407968
0.01503645833351178821315089
0.011925160719848612170752
0.008775746107058528177389
0.005598632266560767354083
0.0024083236199797888191701
