-0.9992101232274360220342295
-0.995840525118838173876746
-0.9897878952222217173672789
-0.981067201752598185618576
-0.969701788765052733721544
-0.9557222558399961073972318
-0.9391662761164232494954190
-0.9200784761776275528566568
-0.8985103108100459419377893
-0.874519922646898315129308
-0.848171984785929632490515
-0.8195375261621457593685181
-0.788693739932264054569944
-0.755723775306585686868842
-0.720716513355730399436021
-0.683766327381355437222930
-0.644972828489477067813447
-0.6044405970485103634442087
-0.5622789007539445391782725
-0.518601400058569747417889
-0.4735258417617071111081630
-0.4271737415830783893074528
-0.3796700565767979771549526
-0.3311428482684481942523529
-0.2817229374232616916906948
-0.2315435513760293380103446
-0.1807399648734254172408769
-0.1294491353969450031464441
-0.0778093339495365694192855
-0.0259597723012477985891703
0.0259597723012477985891703
0.0778093339495365694192855
0.129449135396945003146444
0.1807399648734254172408769
0.2315435513760293380103446
0.2817229374232616916906948
0.3311428482684481942523529
0.3796700565767979771549526
0.4271737415830783893074528
0.4735258417617071111081630
0.518601400058569747417889
0.5622789007539445391782725
0.6044405970485103634442087
0.644972828489477067813447
0.6837663273813554372229302
0.720716513355730399436021
0.7557237753065856868688420
0.788693739932264054569944
0.8195375261621457593685181
0.848171984785929632490515
0.874519922646898315129308
0.8985103108100459419377893
0.9200784761776275528566568
0.9391662761164232494954190
0.9557222558399961073972318
0.969701788765052733721544
0.981067201752598185618576
0.9897878952222217173672789
0.9958405251188381738767467
0.9992101232274360220342295
