0.0020268119688737584964317
0.0047127299269535686408948
0.00738993116334545553151
0.010047557182287984357885
0.01267816647681596013149537
0.01527461859678479930672
0.0178299010142077202603962
0.0203371207294572867750321
0.0227895169439978198637834
0.02518047762152124837957
0.027503556749924791635223
0.0297524915007889452408364
0.031921219019296328949458
0.034003892724946422834914
0.0359948980510845030665786
0.0378888675692434440309407
0.0396806954523807994701228
0.041365551235584755613163
0.042938892835935641954231
0.0443964787957871133277841
0.0457343797161144866471964
0.0469489888489122048470131
0.0480370318199711809636666
0.0489955754557568353894756
0.0498220356905501810111592
0.0505141845325093745982387
0.051070156069855627404549
0.051488451500980933995044
0.05176794317491018754380364
0.0519078776312206397328649
0.051907877631220639732864
0.0517679431749101875438036
0.051488451500980933995044
0.051070156069855627404549
0.050514184532509374598238
0.049822035690550181011159
0.0489955754557568353894756
0.0480370318199711809636666
0.0469489888489122048470131
0.045734379716114486647196
0.044396478795787113327784
0.0429388928359356419542312
0.041365551235584755613163
0.0396806954523807994701228
0.0378888675692434440309407
0.0359948980510845030665786
0.034003892724946422834914
0.031921219019296328949458
0.0297524915007889452408364
0.027503556749924791635223
0.0251804776215212483795709
0.0227895169439978198637834
0.0203371207294572867750321
0.0178299010142077202603962
0.01527461859678479930672
0.012678166476815960131495
0.010047557182287984357885
0.0073899311633454555315169
0.0047127299269535686408948
0.002026811968873758496431
