0.0176140071391521183118619
0.0406014298003869413310399
0.062672048334109063569506
0.08327674157670474872475814
0.1019301198172404350367501
0.118194531961518417312377
0.131688638449176626898494
0.1420961093183820513292983
0.1491729864726037467878287
0.1527533871307258506980843
0.152753387130725850698084
0.149172986472603746787828
0.1420961093183820513292983
0.131688638449176626898494
0.1181945319615184173123773
0.101930119817240435036750
0.0832767415767047487247581
0.062672048334109063569506
0.0406014298003869413310399
0.0176140071391521183118619
